{"grid":[[0.0,0.0,0.0,0.0,0.0,0.0,0.0,0.0,0.0,0.0,0.0,0.0,0.0,0.0,0.0,0.0,0.0,0.0,0.0,0.0,0.0,0.0,0.0,0.0],[0.0,0.0,0.0,0.0,0.0,0.0,0.0,0.0,0.0,0.0,0.0,0.0,0.0,0.0,0.0,0.0,0.0,0.0,0.0,0.0,0.0,0.0,0.0,0.0],[0.0,0.0,0.0,0.0,0.0,0.0,0.0,0.0,0.0,0.0,0.0,0.0,0.0,0.0,0.0,0.0,0.0,0.0,0.0,0.0,0.0,0.0,0.0,0.0],[0.0,0.0,0.0,0.0,0.0,0.0,0.0,0.0,0.0,0.0,0.0,0.001,0.003,0.004,0.003,0.001,0.0,0.0,0.0,0.0,0.0,0.0,0.0,0.0],[0.0,0.0,0.0,0.0,0.0,0.001,0.003,0.004,0.003,0.001,0.002,0.011,0.031,0.044,0.031,0.011,0.002,0.0,0.0,0.0,0.0,0.0,0.0,0.0],[0.0,0.0,0.0,0.0,0.002,0.011,0.031,0.044,0.031,0.012,0.013,0.062,0.176,0.249,0.176,0.062,0.011,0.001,0.0,0.0,0.0,0.0,0.0,0.0],[0.0,0.0,0.0,0.001,0.011,0.062,0.176,0.249,0.176,0.065,0.042,0.177,0.499,0.707,0.499,0.176,0.031,0.003,0.0,0.0,0.0,0.0,0.0,0.0],[0.0,0.0,0.0,0.003,0.031,0.176,0.499,0.707,0.499,0.18,0.075,0.252,0.707,1.0,0.707,0.249,0.044,0.004,0.0,0.0,0.0,0.0,0.0,0.0],[0.0,0.0,0.0,0.004,0.044,0.249,0.707,1.0,0.707,0.252,0.075,0.18,0.5,0.707,0.499,0.176,0.031,0.003,0.0,0.001,0.003,0.004,0.003,0.001],[0.0,0.0,0.0,0.003,0.031,0.176,0.499,0.707,0.499,0.177,0.043,0.068,0.18,0.252,0.177,0.062,0.011,0.001,0.002,0.011,0.031,0.044,0.031,0.013],[0.0,0.0,0.0,0.001,0.011,0.062,0.176,0.249,0.176,0.064,0.024,0.043,0.075,0.075,0.042,0.013,0.002,0.001,0.011,0.062,0.176,0.249,0.177,0.073],[0.0,0.0,0.0,0.0,0.002,0.011,0.031,0.044,0.032,0.022,0.064,0.177,0.252,0.18,0.065,0.012,0.001,0.003,0.031,0.176,0.499,0.707,0.502,0.207],[0.0,0.0,0.0,0.0,0.001,0.004,0.007,0.007,0.006,0.032,0.176,0.499,0.707,0.499,0.176,0.031,0.003,0.004,0.044,0.249,0.707,1.0,0.71,0.293],[0.0,0.0,0.0,0.002,0.011,0.031,0.044,0.031,0.015,0.046,0.249,0.707,1.0,0.707,0.249,0.044,0.004,0.003,0.031,0.176,0.499,0.707,0.502,0.207],[0.0,0.0,0.001,0.011,0.062,0.176,0.249,0.176,0.065,0.042,0.177,0.499,0.707,0.499,0.176,0.031,0.003,0.001,0.011,0.062,0.176,0.249,0.177,0.073],[0.0,0.0,0.003,0.031,0.176,0.499,0.707,0.499,0.177,0.042,0.065,0.176,0.249,0.176,0.062,0.011,0.001,0.0,0.002,0.011,0.031,0.044,0.031,0.013],[0.0,0.0,0.004,0.044,0.249,0.707,1.0,0.707,0.249,0.046,0.015,0.031,0.044,0.031,0.011,0.002,0.0,0.0,0.0,0.001,0.003,0.004,0.003,0.001],[0.0,0.0,0.003,0.031,0.176,0.499,0.707,0.499,0.176,0.031,0.004,0.003,0.004,0.003,0.001,0.0,0.0,0.0,0.0,0.0,0.0,0.0,0.0,0.0],[0.0,0.0,0.001,0.011,0.062,0.176,0.249,0.176,0.062,0.011,0.001,0.0,0.0,0.0,0.0,0.0,0.0,0.0,0.0,0.0,0.0,0.0,0.0,0.0],[0.0,0.0,0.0,0.002,0.011,0.031,0.044,0.031,0.011,0.002,0.0,0.0,0.0,0.0,0.0,0.0,0.0,0.0,0.0,0.0,0.0,0.0,0.0,0.0],[0.0,0.0,0.0,0.0,0.001,0.003,0.004,0.003,0.001,0.0,0.0,0.0,0.0,0.0,0.0,0.0,0.0,0.0,0.0,0.0,0.0,0.0,0.0,0.0],[0.0,0.0,0.0,0.0,0.0,0.0,0.0,0.0,0.0,0.0,0.0,0.0,0.0,0.0,0.0,0.0,0.0,0.0,0.0,0.0,0.0,0.0,0.0,0.0],[0.0,0.0,0.0,0.0,0.0,0.0,0.0,0.0,0.0,0.0,0.0,0.0,0.0,0.0,0.0,0.0,0.0,0.0,0.0,0.0,0.0,0.0,0.0,0.0],[0.0,0.0,0.0,0.0,0.0,0.0,0.0,0.0,0.0,0.0,0.0,0.0,0.0,0.0,0.0,0.0,0.0,0.0,0.0,0.0,0.0,0.0,0.0,0.0]],"size":24}